0000000000000000000000000000000000000000000000000000000000000000000000
0000000000000000000000000000000000000000000000000000000000000000000000
0000000000000000000000000000000000000000000000000000000000000000000000
XXXXXXXXXXXXXXXXXXXXXXXXXXXXXXXXXXXXXXXXXXXXXXXXXXXXXXXXXXXXXXXXXXXXXX
XXXXXXXXXXXXXXXXXXXXXXXXXXXXXXXXXXXXXXXXXXXXXXXXXXXXXXXXXXXXXXXXXXXXXX
XXXXXXXXXXXXXXXXXXXXXXXXXXXXXXXXXXXXXXXXXXXXXXXXXXXXXXXXXXXXXXXXXXXXXX
XXXXXXXXXXXXXXXXXXXXXXXXXXXXXXXXXXXXXXXXXXXXXXXXXXXXXXXXXXXXXXXXXXXXXX
XXXXXXXXXXXXXXXXXXXXXXXXXXXXXXXXXXXXXXXXXXXXXXXXXXXXXXXXXXXXXXXXXXXXXX
XXXXXXXXXXXXXXXXXXXXXXXXXXXXXXXXXXXXXXXXXXXXXXXXXXXXXXXXXXXXXXXXXXXXXX
XXXXXXXXXXXXXXXXXXXXXXXXXXXXXXXXXXXXXXXXXXXXXXXXXXXXXXXXXXXXXXXXXXXXXX
XXXXXXXXXXXXXXXXXXXXXXXXXXXXXXXXXXXXXXXXXXXXXXXXXXXXXXXXXXXXXXXXXXXXXX
1111111111001000110011100011101100111111111110111101001100100111110010
0000000000000010100101000001100101111111111110100111110011101011000110
0000000000111110000010011100010011000000000001011111110100111000111111
0000000000110111010001011110001000000000000001110011101010001011011010
0000000000110001000010000110111010100000000001110101111100111101101110
0000000000000100000111011010101111100000000000101100000101001000011010
0000000000001100101011110000111110100000000000000101111010000010000111
0000000000000010000000111100110010000000000000100100010001001101100110
1111111111101011100110111001011101011111111111011000010001101110010010
0000000000101111000010101011011111100000000000010010000100010001110110
0000000001000000111010011111100110000000000010000111110000001000100100
0000000000010100110011011011011100100000000001010111100101101101011111
1111111111101111001001110011001100100000000000000000101110110011001000
1111111111001101000001110011100111111111111111000101010001101010011000
1111111110110111111101000111111001111111111101101110001011101010011101
0000000000000101111010001011000101011111111110101100010001101010001011
0000000000110000100011110011101101000000000001010001100010101100011001
0000000000000111000000001100111000000000000000111100010100001001110010
1111111111110101001001101101110110011111111111111000010000010100000011
1111111111100000111111011001010100111111111111011110100110111110111000
1111111111010111000100001001001001011111111110100100000111011011100011
0000000000011001111001100100010100111111111111100101001010000111011001
0000000000110110001100000010111110000000000001100111111101101111111000
0000000000000011111110011110011101000000000001000111111010110111111001
1111111111101011111000111010110110011111111111011101101101100100001000
1111111111110001101110110010000111111111111111100011000110110100010010
1111111111100101101100001010000010111111111111010010011011011011100001
1111111111111000010101000001000000011111111111011001111001010011001100
0000000000010100101011010101001110000000000000000110011100110000101110
0000000001001011000111100100101101000000000001101010100011011011011011
0000000000001010100110100001010101000000000001111010001010010100010000
1111111111000110100110111011111000111111111110101110000010001100110101
1111111111101111100100100000010010011111111110110000110111110010010001
0000000000000010011111100100111010011111111111110111000101000010101011
0000000000010011111010111110010111100000000000011101101011111101111110
1111111111111101000011001100000100000000000000010010011000111000111000
0000000000000010011010001001000000011111111111110110111101000110001100
1111111111111110110111101110101001100000000000001100111001010010110100
1111111111110100101101001010000111011111111111101111101001100110001000
1111111111110111010101110010100111111111111111101000100001010111001101
0000000000011000010110000110010010100000000000000111110011010001010100
0000000000101001010010110000011100100000000001010000000011010110100110
1111111111110101101111011000001110000000000000101000001011010001110000
1111111111111010101101000000111010011111111111011001110100110111001001
0000000000001101001001010111010001000000000000011001100101110111101010
1111111111100011011100000100010101011111111111110000100011010111011100
1111111111011011110100000110011011011111111110101111001101000000100000
0000000000000011101101011111010110011111111111011000011101001101110001
0000000000011010101010111111101111100000000000110001110101111100011111
1111111111111010001101000100101101100000000000011100001011111110111011
1111111111100010000010101011101010011111111111001110000010001010010100
0000000000000101000111001011110100011111111111011110100100011001010111
1111111111110000100011011010111100100000000000001000000101011101010001
1111111111111010110000110000110001011111111111010000111111000110010010
0000000000101101100100100011101100100000000000110010101010001011010101
0000000000011110100110111100111010100000000001011011000111111101101101
1111111111010000001001110100111111011111111111110101000010000110100000
1111111111011111111010110000001000111111111110000010010001110110000101
0000000000100111001001100100101011100000000000100001101100101101011001
0000000000000111000100010000110100100000000000110100010111011100101001
0000000000011111100010011011011010100000000000001111111101010000101111
0000000000100000110011111001011011000000000001011011100010001111101111
1111111111010110101011110010010100111111111111111001101100111110100101
1111111110111001111000011111100101011111111101111101000100100101101110
1111111111101000011011110110001010111111111110011010100101100100110100
0000000000001001101011110100101101011111111111110110110000000111100110
0000000000100101100000011010000010000000000000101011000000110110101001
0000000000100010001011111001110001000000000001011101100001010110101010
1111111111100100010000100100001100000000000000001001001100010111111011
1111111111000100010101101000001001011111111110011111001110101110011111
1111111111001001110000101011010100011111111110001001100101010101001001
1111111111011101001010001011111010111111111110011001010010100100101010
0000000000100001010010101000100000011111111111111011111111110100101110
0000000000100110010001101011100101100000000001100100110011101100111110
1111111111111101001000001011010001000000000000100000010000000010010010
1111111111101000101000100110101010111111111111100000110000001111011100
1111111111101000111011100011000111011111111111001010101110010101010111
1111111111101101011000111010100100011111111111011110000000101100100010
1111111111111100111111100111000011011111111111010101110000000101010101
0000000001001110100011000111101001100000000001010001110100010100110010
0000000000011010000011111111110011100000000010010110011011110000000011
1111111111010001011100011101100110011111111111000011101111110011101011
1111111111011000000011110111010011111111111110110111111010100001001010
1111111110111000010100101001111101011111111110000100111110111111010100
0000000000001010100011111001110011011111111110101100100010100111001001
0000000000110100000010101010110111000000000001011111111001011001110000
0000000000010010111101010110000000000000000001001000010010001001000110
1111111111101110010000110111001010100000000000000010111000011011101101
1111111111001100101111101001100101111111111110110111010011001110011100
1111111111101000001110101001101001011111111110100100001001001000100011
0000000000010101100001101001101100000000000000000000111111010101100110
0000000000110000011100111111111001000000000001001011000011101001001110
0000000000100000010000111000011000100000000001100010000000100010000100
1111111111101011110011010011100001000000000000001010001100011111111010
1111111111011011010010111110011100011111111110111100001100101011000111
0000000000000001000000101001111010111111111111010010100011100011100000
0000000000011001111110110100000001000000000000100001110100000101000010
0000000000011100110111111010011000000000000000111001110010010111111100
0000000000011011010110001001011010100000000000111100010111110011101101
0000000000001111100010011000000100100000000000101100100100011110100001
1111111111101110010011001011011110000000000000000100101001011000011101
1111111111010010011101001001001011111111111110110111010101110110101100
1111111111110011011001111111011011011111111110110001001011111101010001
0000000000100110011100001010100101100000000000101001111010001011100110
0000000000001110110110010010100110000000000001000100111100001110111100
1111111111101100010101110101101000011111111111101110011000000001000010
1111111111110010111001011101011110011111111111011110100010011111111100
1111111111100001011011110111101110011111111111010110011110000001011011
0000000000001000110010101011100100011111111111011011000000001100100110
0000000000010010001101010111001011000000000000110100111011110000001000
0000000000000110100011010110011110100000000000000101010000110101001001
0000000000010111100101110100110111000000000000100101101100101000110011
1111111111111011000001100000101100100000000000011101100010100110001101
1111111111001000001100000010111100011111111111000011010111010011001001
1111111111010001110111011000111100011111111101111110110011101000110011
1111111111111101001000100010111100011111111111100000101101001010000101
1111111111111001001000110110101000011111111111110000011000110100110011
0000000000010101111111001001011010000000000000001100010100000111110100
0000000000001010010010110110011101000000000000110001100101111111100011
1111111111100001011001111000011110011111111111101111011011100010000100
1111111111010000101011100011000011111111111110011000101101000011000010
0000000000010110100100011000001101011111111111100010111010100110110001
0000000000011101001011010000111010000000000001001011000101011110110100
0000000000010111101111111100100000000000000000101010111101101110010000
0000000000000110111010110010010100000000000000101000000011010000000010
1111111111100111000100011001010000111111111111101011001010000110110011
1111111111101011111001110111010100111111111111000001001100111001111100
0000000000010010100011000101010000100000000000000101010100100110110110
0000000000000110100011011101101010100000000000100010010011100000101001
0000000000010010110010111000100000100000000000001111110000011011011100
1111111111111100110110110100011001000000000000100000100011110101100011
1111111111011001011010101100011111011111111111000111110000010001010100
1111111111101010011101101100111110111111111110111000010001111101001010
0000000000001111111100000011100000111111111111111111011011001011110101
0000000000010110000100011110000001000000000000110001000000110011110011
0000000000000111110010110010011111100000000000010110111110101101001010
0000000000001101010101100011110001000000000000010100111010010011111101
1111111111111110010011111011111111100000000000010011100001101000000000
1111111111110000010010011101100001111111111111100100111101001110001100
0000000000001010011001101001000110111111111111110111100101100000111100
0000000000010000000001101000110110000000000000100000100110111111101011
0000000000011001100100011100110011100000000000100000010001101000100000
0000000000000101110101001010101110000000000000110101100000101001011010
1111111111100101000010110110101000111111111111011010010100110101101100
1111111111111001100011110011010101011111111111100111100101001001001111
1111111111011000100110111011101110111111111111010010101101010000111110
1111111111010110111111110111001001111111111110100001101101101101010001
1111111111101100011111100101010000011111111111000000000100001111000000
0000000000010101100110011101001010111111111111111111100000101001001110
0000000000010111001000100110011110000000000001000100000000100001011100
1111111111100111010101110011011100111111111111111101110110101101010110
1111111111101000011100111101100111111111111110111000010110100101111111
0000000000010000001001001011111001011111111111111110110110011111111001
0000000000100101100011100010110011100000000000111010000110010101110111
0000000000011000001101111110001000100000000001001100010101011010000100
1111111111100001101010001000101001011111111111111000001110100110010001
1111111111100110001111001010010001111111111110110010111000000110110001
1111111111100111100000011111101111111111111111011100100110011010000100
1111111111100000101011110111101000111111111110111110011001111010000110
0000000000010110011000000111111110111111111111110001001111110010001001
0000000000100100110110110100001000100000000001010000111000010100110000
1111111111111000110010011011001010100000000000011100010000000011001101
1111111111100111001101111001101111011111111111011010010011011011110011
1111111111001010001111101111110010011111111110110111101010000111111100
1111111111001000010011000000010111111111111101111111100110101001100000
0000000000100000000100100001011111011111111111011110010000010000000101
0000000000110100000111110010011101100000000001111000010100101010100001
1111111111110100010100000101000101100000000000100100100011110010110110
1111111111101110000111110001100000111111111111011001100011001100111011
1111111111101111010111100000011110111111111111011011111100100011010011
1111111111110011010100011010100010111111111111100010000101000111000000
0000000000001000110011011010000010111111111111110100001101011001000011
0000000000110011000111100000111010100000000000111011101010101011001100
0000000000011001110100101000100001100000000001100111110011010000110001
1111111111101111111111101100011000111111111111111110001011011100001001
1111111111101111100101001011011100111111111111011010101010001111100100
1111111111100110101100001010111011011111111111010111000111110010111110
1111111111101000111110000011100001111111111111000110111111111101110011
0000000000011001011110001001010000111111111111111010010001111000100111
0000000000110001100011011010000001000000000001011100110011110110000011
0000000000001110000010101011110100100000000001001001111011110110101000
1111111111011001111011011110000011111111111111100100000000100101000000
1111111111001011010111011000000001111111111110011000001111111000001110
1111111111011111111111000010010001011111111110100011011101001011101011
0000000000001110110100001010001111011111111111110001111110000100001100
0000000000011011110110111101100111000000000000110101011001011110101011
1111111111111010011111001101111001000000000000011000001001111001000011
0000000000001010000110100010010011011111111111110110011101111001101011
0000000000000101101000100101001101100000000000101010011001000000001011
1111111111011101011010111010111100011111111111001101110001001011011101
0000000000100111001001000111001110111111111111111000000111111000100011
0000000000110101010110011110000011100000000001110110111011000001000001
0000000000001101101001011100100000100000000001000000011100010100100110
1111111111101011101001100100110010100000000000000001110110100001011100
1111111111000110010000111010011001011111111110101100100110010001111001
1111111111001000000111110001111001111111111110000000110111110100011100
1111111111111100010010100011010010011111111110111001011111100101011001
0000000000110101001110010001000011000000000000111100100010011110000001
0000000000011000000101101000000010000000000001100111010011000000100001
1111111111011110011111001111011100111111111111101001111011101100110100
1111111111101000110010011000000110111111111110111011111000010001011011
1111111111110100101101111100010000011111111111011101100100110111001111
0000000000011000100101100100110110100000000000000111001101101000110101
0000000000011001000001110100110000000000000001001000111011100111011001
0000000000001000010001100101011110000000000000010010010101111010111000
0000000000010100101001010001100000000000000000100011100111101000000101
1111111111011111111111111010100010111111111111111111110101011000100010
1111111111000100010010001101000001011111111110010000010011011101011000
1111111111100111100111110011011110111111111110100011001011100110010100
0000000000010110001011101110001000000000000000000001000101010100001001
0000000000111001110110101101011000100000000001010000000101011010110010
0000000000110110111100110011010100000000000010000001111010100011101001
1111111111110110111111101100101001000000000000110100011111110110010101
1111111111100111011100001100001100111111111111001011011011111110001101
1111111111100010000101001000110000011111111111011000110100010011011010
1111111111010011010100010100011100111111111110011100101111100101010111
0000000000100101000101001010011000011111111111101110011110101001010100
0000000000110100100001100100000010100000000001111001001111010000000100
1111111111111001010101001111001101100000000000110110010100000111011100
1111111111010100000001111110010111011111111110111111011111110001001101
1111111111110111100111000010011000011111111110111011010100100101111110
0000000000011101100101011100001111100000000000011001001001100101110100
0000000000011111000000110110000001000000000001001101100000101000001111
1111111111111010101101111110001001000000000000010111000101011110100101
1111111111111001111010101001011001111111111111110100010100010010001100
1111111111010111000100001001101100111111111111011011111011111110100110
1111111111010000101101101100100000011111111110010010000110001100001110
0000000000000000101100000101011010011111111111001100011001110100101111
0000000000101010000110111100111011100000000000110111110100110010111110
0000000000001101100100000101111000000000000001000111111110101100001100
1111111111101010010010000000101111011111111111101010011101000001011001
1111111111110101000010101110100011111111111111011011111101110100111111
1111111111101010010111101000100101011111111111100101110000000101010010
1111111111111100000111100101000111011111111111011001111010011111101110
0000000000100101110101100000010100100000000000101010011011000100110010
0000000000100101100111101110110110100000000001010000111010110100011011
0000000000001010111001100010010111000000000000110110010010010100011001
1111111111100101111011000111110001111111111111110000000110111001011001
1111111111010111101111101110001001011111111110110001110010101110011010
1111111111111010011111011110010111011111111111001100100111100110110100
0000000000010110001100100101101110000000000000011000111110001100011111
0000000000100001101010010011100011000000000000110100111110110100111111
0000000000011000111101110011100100100000000001000101110101100110111110
1111111111111010101001010111001010000000000000010000011001001000001101
1111111111111101001101001111110110011111111111110011011100101110010001
1111111111011100101110011010000110011111111111100101110000100110000000
1111111111100110110100011000101111111111111110100100001101000110011011
0000000000110001111101101011100011100000000000100001000100100111010111
0000000000101101011101100010100101000000000001110100011000101010111100
0000000000000101100110111110000110100000000000110111110100101111010101
1111111111110111011011000000001111111111111111100111000001111110010010
1111111111111100101010101100011001100000000000000011101110110000001110
1111111111001101000100110110101010111111111111000110100110110111100000
1111111111110011011101111010010000011111111110101001100101101111000101
0000000000011011010110111101111100000000000000100001100100110010111101
0000000000010001111010011010110011100000000000110010000111011100101100
0000000000010101101010101100010011100000000000011110000110100011011111
1111111111101110110011111000101010100000000000011010010001001111011001
1111111111000110000111100000010000011111111110011111011101101100101010
1111111111111001101101001110100100111111111110110001110100111000011101
0000000000111000100011011101101010000000000000111001100100111110011110
0000000000100101011111111000010010000000000001111001111001100101001110
1111111111101111110001000110000000100000000000000110000010000001011101
1111111111011011101011100110110011111111111111001110011100010101011100
1111111111010010111110110001000010011111111110100110000110011110110011
1111111111110100100000101100010110111111111110111011001110100100111110
0000000000100001111100111000001110000000000000011010001101111110110100
0000000000100000110001001010011100100000000001010001101100111110101001
0000000000000010001000000110010011100000000000100100000000001100010110
1111111111110000010001111011110000111111111111101011111010110111011111
1111111111110011011110110110101101111111111111100110000000101010101010
1111111111101010110001010101100011111111111111011000010001110001100101
0000000000000110010101101111001001011111111111100111010110000100101010
0000000000011110100110000001110100100000000000101110100011100110111011
0000000000010001001110001000101001000000000000111001011011101010000001
1111111111101100100001011111100110111111111111111110111000000100001100
1111111111100100101110000000101110011111111111000001001111000010010100
1111111111111010000100010000110000111111111111011110000110101010000010
0000000000100110111100110011010001000000000000011010101101001000001011
0000000000111101011001000110101010100000000001111001000010101110000110
0000000000001010111110010000011000100000000001000111011100100001110001
1111111111110110011110110110101100111111111111111111111110110010110111
1111111111100000110010000001011110011111111111001111001110101011100111
0000000000001100111100000101111101011111111111011101011101001101001001
0000000000110011001110111110111110100000000001011010101101100001111110
1111111111111011111100010000100001000000000000110101000100100111101101
1111111111111010000001111001010101111111111111011000101101010111111011
0000000000001000100001101110001110000000000000010111111101111110101111
1111111111011010010110010000000000111111111111100111000100010111000110
1111111111000111110101111110100010111111111110010101001001110001110010
1111111111111101011100000101101100111111111110110101100011000111010111
0000000000100000110110111111101111100000000000110001000100111110101010
0000000000000010110110100011101100000000000000101001000011000100010101
1111111111110010010100110100001110011111111111110000111110100010110100
1111111111101110110110010000000100111111111111011111000001010101101001
1111111111110011001000010101001110111111111111011110100101100011101101
0000000000010001111100110001000001011111111111111100110100110001000010
0000000000111011100010100111000101000000000001001111111001100111110000
0000000000110010100110100000100111000000000001111111100111000110001111
0000000000001111101110011111110100000000000001000100011011100100100100
1111111111101010110011110001001110011111111111111000000100010011011101
1111111111101000111101011111011110011111111111000000100100100110000101
0000000000011100100000011011011011000000000000001000011111000111111101
0000000000100100011111101111111000100000000001001110110001001001111010
0000000000001101110011010101110111100000000000110001101010000011000010
0000000000000110000110111101001111000000000000010010100011101101100010
0000000000000010010010100010101000100000000000000010000111000100110111
0000000000000111011101101110000111100000000000001100001101110011100110
0000000000001010110010010001101001100000000000010101000011011111110100
0000000000001000101101011010111000000000000000010010110010000111000110
0000000000011011011011000000011101000000000000011001100000000000011001
0000000000100001111110001001000100000000000001010001010111001011011111
1111111111101011001110011001101111000000000000001101111100101011000110
1111111111011000010000010111010111111111111110111010011000111000101000
1111111111100100000011001111110100011111111110110100101011010111011101
0000000000000010010000011100111101111111111111101001010100000101011011
1111111111110001111101110100011111011111111111111011000001011111001010
1111111111101000110010001000011001111111111111011000110100000010100001
1111111111011000101101111111111000011111111111001001101111101001011010
1111111111000011101001110010000101011111111110010010011101000010011011
1111111111100101011101110000011100011111111110011011111110110111001010
0000000000010001011100101011100110011111111111111110111001010011101011
0000000000000011010110111001010010000000000000011111001001101010001111
0000000000011110101110000111100111100000000000001111101001010010100100
0000000000011110111100011101110101000000000001100001100000011011111110
1111111111010000100010101111000111111111111111100001100111000110101001
1111111111011011110111101100111111111111111110010110101010100001010011
1111111111111100111001100101001100011111111111011111001011001101010000
0000000000000010111010101011100000100000000000001011101000001011111111
1111111111111101101100101110111001011111111111110110111011001010101010
0000000000001000100011000111110100000000000000001111111001111001100110
1111111111101110100001010111001100011111111111110001111110110011111110
1111111111101100111100100101001101111111111111010110001101111110100100
1111111111110101111101011100000011111111111111011101100011000001101011
0000000000111010011011111110011001000000000000100100100000110110011100
0000000001011001000011100101010111100000000010101111111011010001110000
0000000000001111000100000000001011100000000001110100001010011010000101
1111111111010001100101000000010101111111111111001111100010111000001010
1111111111010111101110000010111100111111111110100000010110000010111001
1111111111011111010010000101100101111111111110111011001000100001100001
1111111111111100001010011101100111011111111111001111010100001011110000
0000000000011100100110001010000100000000000000100100000101111010010111
0000000000011010000110110000010110100000000000110110010001110011010101
0000000000010001010011011110000000100000000000110110111011000010101010
1111111111001111011011111011101001111111111111101000101101001111001101
1111111111000110110100100011101010011111111101110110000100000011010100
0000000000000000001100111100101010011111111111000110011101111010110001
0000000000101000100110001001001101100000000000101100101011011111011110
0000000000111000100101000001110000100000000001110011010111010010001000
0000000000000111001010001100100100100000000001000100100101111110010110
1111111111110001111000101010011010111111111111110001000110101011101110
1111111111001010011010111100110110011111111111000010001010101011110100
1111111111001001111011011101001101111111111101111001010110000011001110
0000000000001100000110110110111100111111111111011100101010011111000011
0000000000010001010011010010001111000000000000101011000101111001100000
0000000000001011101000111001111101100000000000010110000000100001001111
1111111111111001011110001110111001000000000000010000100110111100100100
1111111111011110001011100000111011111111111111001010111011111000010101
1111111111110111100101001100101100011111111111010001010111000110100111
0000000000010011101110011111101100100000000000010000001101001101011011
0000000000001111100010011101110001000000000000101000110101110101000110
0000000000000011100110100001101001100000000000001110010000111011101111
1111111111110010001101101111010011011111111111111100011001000000000001
1111111111000100001111011100010000011111111110111011110011001010011011
1111111110101111010111101010000110011111111101100110001111010110010101
1111111111011011101010001010000111111111111101111011111100111101000101
0000000000011100101011110011001101011111111111111000101110000001011101
0000000000110011001110010011101001100000000001100110110111010010010100
1111111111101000001111111000110111100000000000101011010101001101110011
1111111110110111101010000100011011011111111110000111010011001111100000
1111111111101000111001110110010010011111111110001110000111110100110001
0000000000000010110100101100010111000000000000000011110010100110101011
0000000000010011100101000111100010011111111111111101111011111011100000
0000000001000010111011111011001100000000000001101111001010100111111100
0000000000000011101111101001101000100000000001010111110011100001000101
1111111111100110010100010110101001111111111111010011011110110110000010
1111111111010001100100000111010010111111111110111111100011110100100111
1111111111011000110000110100011000111111111110010101100001001001001101
0000000000011101101010000101111011111111111111110100100100011101001111
0000000000111001001110011011100100000000000001101001011100101101010111
0000000000011111110001010111001100100000000001100001111111111001001011
1111111111110000101000111111000001000000000000001111001011111011010010
1111111111010000000111011011100100011111111110111000111000001000000011
1111111111101100011100000111000110011111111110101011000010110001000001
0000000000001001011111011001000000100000000000001000110101010111011100
0000000000000010111000011111000111100000000000000100101011100000011110
0000000000011110001101101111110011100000000000011011110000111001101110
0000000000010111001101100001101000000000000001001010100110100100010000
1111111111001010011010101111000101111111111111101100010011110110100110
1111111111010100011110010100001101111111111101101101001100001001000000
0000000000111100011110101100001001100000000000011101110110011100001111
0000000000101101001000001010100110000000000010000110111011000010000000
1111111111111110000100001001001101100000000000100001010011111100110110
1111111111100110110000011010110100111111111111100010000001111111000000
1111111111110011000011010001011101111111111111010000101010011101100000
1111111111111001100010011001101111011111111111110111010001100001000100
1111111111111110110101011100000010111111111111100001011101001110010001
0000000000111110100100111010011000100000000001001001011110110000100001
0000000000001111001000110100000011100000000001101000000000110110100011
1111111111110101010110011011010100111111111111101011001100101100001010
1111111111110101110100000000011111011111111111110101000111010101111011
1111111111011001111100010011000110111111111111001001000110110111000010
1111111111101101001010001011000111011111111110111101000001100101001001
0000000000000111111010110111010110111111111111111011010010111110001101
0000000000011010100010101111000010000000000000100001111100000010001101
0000000000001100111000101110110100000000000000110111001111011000100000
1111111111100010000010011010010100111111111111100111011001100100000011
1111111111010110001110011010001101111111111110101110000001100111000000
1111111111100010011011111100101010111111111110111010110110000010111001
1111111111110101110110000111110011011111111111010111000011100010101111
0000000000001101111010010110001111000000000000000010010111000011001111
0000000000001101011011010111110100000000000000100010101100100010011110
1111111111111101001101110000101111000000000000001100000110010100101010
1111111111101010000110101010010101111111111111100110100111010100001000
1111111111110011011111110010100110011111111111010110111010000011100101
0000000000001110010000111011101010111111111111111110100010111011101111
0000000000010011100011110010110110100000000000101010110011100100111110
0000000000000111100010100000001000000000000000010110101001001110001100
0000000000001110000001100010010110000000000000011000111000100011111000
1111111111001101100010101000000011011111111111110011000101010000010110
1111111110110011111110100010011001011111111101011101100000011100111010
0000000000000100101110110001101100011111111110101110111011100011100010
0000000000010001010011000111100101000000000000110000110110100001001111
0000000000011011010100110011110111100000000000011101011000101100011011
0000000000000110100111110011010100000000000001000001110111100101100010
1111111110110001111010011100010000011111111110100101111100100101001111
1111111111100110011011100010011010111111111101111111001101001100111111
0000000000000011101001111111011111011111111111111110110100111010011110
0000000000000101100100110100000110100000000000000110010000100110010101
0000000000000101001100011111111011100000000000010001100001111000011110
1111111111110000111101110100001111011111111111110110000111101001001011
1111111111011001111001100001101011011111111111001001100001001111011001
1111111111001100000000000100101101011111111110100001000100000001110000
1111111111110111001110100101100011111111111110110001001000101000000000
0000000000101100101010110011110001100000000000110111001000000000101001
1111111111110010001111000111001010100000000000101111000101011110010111
0000000000000000001000000001010110011111111111001010000101100100111001
0000000000011100100010000010110001000000000001000010010001100010011111
1111111111000110111000101100110111011111111111011101100100010000010111
1111111111101110111101000111011011111111111110011100001101110110111010
0000000000000111110001101010110000000000000000001011000110000011001000
1111111111111111010101101101101001111111111111111111000100011011001010
0000000000010100110110000111010001000000000000010010011010101110010010
0000000000010111000011110100010111100000000000111010101111001110011000
1111111111011011000101111101001011011111111111111010101011110010100100
1111111111000010011100000101111010111111111110000010010010100000011001
0000000000001000010000000011101111011111111110111110110011110011001001
0000000000101000001011011101010000000000000001001010111001111110100110
0000000000011011001011110101001000000000000000111110000100010011010011
0000000000010011111010110001100001000000000000111110011010101111101111
1111111111010011111100111000001010011111111111100111100100111111000010
1111111111001010010010011101100001011111111110001000110010111001001000
1111111111110100011111000110101011011111111110110111001000100100101100
0000000000101110100111011101101010000000000000101101101010110011111010
0000000000001100110001111110101110000000000001010101111001111111111001
1111111111010110001111000110111100111111111111010100000100001001010010
1111111111011111100000101000100111011111111110100010010000011111101110
0000000000001100001111100010000000111111111111110011111101101100011011
1111111111111111110101001111110000000000000000011000000010000111010000
0000000000011010011110110011011001000000000000000011101101100000011010
0000000000111000001111100110010010000000000001101001110100010111010101
0000000000001101001100010011001111100000000001000111100110010111111000
1111111111100011111010101001100001011111111111101101111100011001110011
1111111111011011000101101100001011111111111110111001100000111010010101
1111111111011011100011010001011000111111111110110011100001111010010010
0000000000010010111011010101000100011111111111010111110110011000100101
0000000000110111010000001010111100100000000001100111011110110110011000
0000000000011010110101011001000000000000000001001010001100010000010001
0000000000001000111101010001101110000000000000110010000100111011101110
1111111111100010000111010001010000111111111111100011001010001101000010
1111111111100100010110001110111010111111111110111111011100110110000110
1111111111110100101000011110110101111111111111001111100111110011010110
0000000000011101010110000100001001100000000000010101010111011001001110
0000000000001010001110111010111101100000000000111001101011000100111000
1111111111111101101011100100010011011111111111111101100111011101011011
1111111111111011110101101010010000111111111111111010010011001111111101
0000000000001001000010111101000100011111111111111011101001000101100011
0000000000001010001000101100101000000000000000011111001111000010110110
0000000000001010111101000111001000000000000000001011000111010101010100
0000000000011001110101011000001111100000000000101111000010110001000100
0000000000010110000001010111001111000000000000101100011000001000111001
0000000000000010111101101110001111000000000000100101110011001100000110
1111111111011000011110101100111010011111111111010011001110100101110010
1111111111101100101010110010001011011111111110110011100111101111101111
0000000000100111101010110001000010000000000000011001001101100110010101
0000000000101001110011001111001111100000000001011011001100111111000110
0000000000110111001001010101110101000000000001011101110100101110010110
0000000000000110111000101110010111000000000001010011110001111001000001
1111111111011100000110110010010110011111111111001011111111001100110111
0000000000001011000010011011010100111111111111011110110110110110101110
0000000000101101000011111111001100000000000000111111101110000000101100
0000000000001010010000100100011000100000000001000110111101110000101011
1111111111101011001111000000110011011111111111101010000111111100111101
1111111111100101011110011011100100111111111111001111010100111100001101
1111111111111000110001001000101101111111111111010101010101100001001000
0000000000001010011100110101111010100000000000001010010110101001011001
0000000000000111111011011110100111100000000000001101101111101001100111
0000000000011101001010010000000000000000000000100011010010110011111010
0000000000010001000101010010011001100000000000111001110010000000110101
1111111111111001101100101011110000000000000000001110010011110000001100
1111111111010111011001101110100101111111111111001110100011110110101000
1111111111011000010011001100010111111111111110011110001100100001100110
0000000000000001101101010000010010111111111111011110001000010100010000
1111111111111011001110110101010001100000000000000100010010111110000011
0000000000100010000111110010000001000000000000001001001001001100010000
0000000000111001111100000001110110000000000001111011001111110111001100
1111111111110000010010000111100101000000000000101001000011111110010000
1111111111011110010110101111110100111111111111000011010011011000000011
1111111111100010111011000110000001011111111111000000000000001111010110
0000000000000011011110000001100000011111111111010110101001101111011101
0000000001000011111010011000100000000000000001001110101101111000111100
0000000000010101001110111100010100100000000001111010101011001100001001
1111111111100100011110000010111110111111111111011110110001001101011100
1111111111110010100101100000001101011111111111011101011001110111111100
1111111111101001101011111111010010011111111111010111010001001101010001
0000000000001001111101111100111001011111111111101000101101110011110001
0000000001001101100110101110011000100000000001001010100110010000110110
0000000001010001111010111010000011100000000011001101100111100101111010
1111111111011110111011100100011001000000000000110101001010110000010101
1111111110111001110000010100101011011111111110000001000111100101110011
1111111111010111100100000111011110111111111101111110111010110101011111
0000000000010100001101100101110110111111111111110011101100101000000010
0000000000100100011000111010100101100000000000111011011101101011101111
0000000000111100111001110101000011100000000001100100011010110001011101
0000000000011100100110110111110100100000000001101011100101101001011000
1111111111101011011101100111111101100000000000000101000010010101100111
1111111111010100001001011101110111011111111110101111000110001011001100
1111111111110101110100011001011101011111111111000011001001011000101011
0000000000011110101010000011000000000000000000010111111100001011101010
0000000000110011101110101100010010000000000001011010110111010010110000
0000000000010110101111000001011101100000000001011001001011100101111000
1111111111100010111010111110000110011111111111101110100110000001010100
1111111111101000000001010011001111111111111110111100010001110000110110
0000000000001111110011101110000110111111111111111010001001101010010111
0000000000011100011101000011000001000000000000110110011111011010111000
0000000000000010100000010000100100000000000000100101110100110010010011
0000000000000000110110010001001010111111111111110010011011010111001101
0000000000010011111100100111100000000000000000010110001011101000110010
1111111111111010001110011101010111100000000000100011011010001101110011
1111111111010010100011001011110000011111111110111000110100100100101011
0000000000001001011010000110000000111111111111010000010011100111100011
0000000000010011010111101100010001100000000000110001011010101010111000
0000000000011001110001000001111110000000000000011111011100110011111101
1111111111110101001001000000100010100000000000101110000111001100111001
1111111111001001001000001001000100011111111110011011101000100110101011
0000000000001100110111111001101101011111111111010011111010011000101000
1111111111110001110011110001011101000000000000011000001110111100100010
1111111111110000101101010011101000011111111111000010000111111110000001
0000000000100101011110101100111111000000000000101010011000110110010010
1111111111101010011101010000010010100000000000011111011011101010001011
1111111111011110010100110100111001111111111110101111111110110010011110
1111111111011111010011100000110011011111111111001011110111011011001101
1111111111010011001100111100110100011111111110011111001001110001000001
0000000000011011010011110011011110011111111111101010001110101000010000
0000000000011010100010010111001001000000000001010111111001001000101111
1111111111101110001001011100011100011111111111110010110011001001110010
0000000000001010101011111110010011011111111111110110101010100011110001
1111111111110100010010111000110101000000000000001111110111100000001011
1111111111100100101011000011100001011111111111000101101111101011111101
0000000000101101010110001010111011000000000000000110001011100100000100
0000000001000100100111000001100100100000000010010000011000010010000011
0000000000001110011101100101000100000000000001010001111111110111101110
1111111111101101011100111001101001011111111111110011100000101100111100
1111111111101011110000100101101100011111111111010111001110011011110000
1111111111111010000110111111100011111111111111100010100000101001100001
0000000000001011011001001001101111000000000000000010010011010111100111
0000000000101011100111011001110010000000000000110011110110010101111011
0000000000101001000000010100010011000000000001100111011100110111100011
1111111111110111000101001111100011100000000000011111010100000011000110
1111111111100000000111100101001100011111111111010100111010111011100011
1111111111100111010010001101000010011111111110110111000001001111101110
0000000000100110110000001100111010100000000000001000010010001101010111
0000000000100110101010000000010110100000000001101000000000001000111111
0000000000000110010100111111000101100000000000101001000100000010011101
1111111111101101000010011110110000011111111111110101010010010110101011
1111111111100110000101100001111100111111111111000100111001111010101100
1111111111110011011100000000011111111111111111100011000010100010111011
1111111111101011001011000110011001111111111111011000101001000110010001
0000000000000100000011100111000001111111111111100110100000111101110100
0000000000111000010001001011110111100000000000111111100110000100110111
0000000000100000111010100010010111100000000001110001110010110110101000
1111111111100110101001100111010000011111111111111011000010111111110101
1111111111011001110111100101001100011111111110111100011010100100101100
1111111111100111000000011110101010111111111110111010011101000101101110
0000000000011111001100011111000101011111111111111011001100101001001001
0000000000111111110110001000011000000000000001101101010100110110100000
0000000000101010101011000011111011000000000001110000101111010010101000
1111111111110111111110000011000100000000000000101001101000000001001011
1111111111010100111101111011010001011111111110111011000100010011101010
1111111111111001110001111000011010011111111111001111100100001111001001
0000000000011011110001111101110100000000000000001110110101001100001100
0000000000011011100001011111011001000000000001001010000010100000001100
1111111111110101000110000010001111100000000000000111101011001111110110
1111111111110000100011000100111100011111111111101011110101100101111001
1111111111000010101001100100001011011111111110110100010001110001101001
1111111111001110011100011100010001011111111101111111110010010100101001
1111111111101011100001111010100010111111111110110111100110100011010100
0000000000010100101011100010001011011111111111111100010001010001101000
0000000000110011110000010110000110000000000001011000001111011010101100
1111111111110111100010110001101111100000000001000001100000100000110110
1111111111010100110111001101010011111111111110101100111010000001001100
1111111111111101110110011100101011111111111111001111011000101011110100
0000000000000111100000101010011011100000000000001011010000010000000001
1111111111111111001000110010111010000000000000010000101100000001000100
1111111111110101010111001000100100011111111111101001111110000001101000
0000000000100011000100111111110101000000000000001101100110100100101001
0000000000001101100010011100011010000000000001010100001001110110111110
1111111111010111100001010001010111111111111111001010011101001101011011
0000000000000010010000010000001100011111111111010010110110110100100011
0000000000011001010100110001010100100000000000100010100010000101110110
0000000000110110000001101011101011100000000001010001111100011111000001
0000000000010101101011001001111110000000000001011010100110101001011101
